distance_range 8
em_size 32.71875
grid_width 41
grid_height 41
unicode
32 0.229 0 0 0 0 0 0 0 0
33 0.275 -0.47377029608404975 -0.3209169054441261 0.7487702960840498 0.9016236867239734 0.5 371.5 40.5 411.5 
34 0.4 -0.41077029608404975 -0.3209169054441261 0.8117702960840497 0.9016236867239734 41.5 371.5 81.5 411.5 
35 0.658 -0.28227029608404974 -0.3209169054441261 0.9402702960840498 0.9016236867239734 82.5 371.5 122.5 411.5 
36 0.5640000000000001 -0.3307702960840498 -0.3209169054441261 0.8917702960840498 0.9016236867239734 123.5 371.5 163.5 411.5 
37 0.841 -0.19077029608404977 -0.3209169054441261 1.0317702960840498 0.9016236867239734 164.5 371.5 204.5 411.5 
38 0.654 -0.2652702960840498 -0.3209169054441261 0.9572702960840498 0.9016236867239734 205.5 371.5 245.5 411.5 
39 0.241 -0.49077029608404976 -0.3209169054441261 0.7317702960840498 0.9016236867239734 246.5 371.5 286.5 411.5 
40 0.315 -0.4167702960840497 -0.3209169054441261 0.8057702960840497 0.9016236867239734 287.5 371.5 327.5 411.5 
41 0.315 -0.4897702960840497 -0.3209169054441261 0.7327702960840498 0.9016236867239734 328.5 371.5 368.5 411.5 
42 0.47500000000000003 -0.3737702960840498 -0.3209169054441261 0.8487702960840497 0.9016236867239734 369.5 371.5 409.5 411.5 
43 0.5640000000000001 -0.3292702960840498 -0.3209169054441261 0.8932702960840497 0.9016236867239734 0.5 330.5 40.5 370.5 
44 0.246 -0.5042702960840497 -0.3209169054441261 0.7182702960840498 0.9016236867239734 41.5 330.5 81.5 370.5 
45 0.289 -0.4667702960840497 -0.3209169054441261 0.7557702960840498 0.9016236867239734 82.5 330.5 122.5 370.5 
46 0.246 -0.4882702960840497 -0.3209169054441261 0.7342702960840497 0.9016236867239734 123.5 330.5 163.5 370.5 
47 0.368 -0.4272702960840498 -0.3209169054441261 0.7952702960840498 0.9016236867239734 164.5 330.5 204.5 370.5 
48 0.5640000000000001 -0.3292702960840498 -0.3209169054441261 0.8932702960840497 0.9016236867239734 205.5 330.5 245.5 370.5 
49 0.5640000000000001 -0.3802702960840497 -0.3209169054441261 0.8422702960840498 0.9016236867239734 246.5 330.5 286.5 370.5 
50 0.5640000000000001 -0.3367702960840498 -0.3209169054441261 0.8857702960840498 0.9016236867239734 287.5 330.5 327.5 370.5 
51 0.5640000000000001 -0.3377702960840498 -0.3209169054441261 0.8847702960840498 0.9016236867239734 328.5 330.5 368.5 370.5 
52 0.5640000000000001 -0.3292702960840498 -0.3209169054441261 0.8932702960840497 0.9016236867239734 369.5 330.5 409.5 370.5 
53 0.5640000000000001 -0.3342702960840498 -0.3209169054441261 0.8882702960840497 0.9016236867239734 0.5 289.5 40.5 329.5 
54 0.5640000000000001 -0.3217702960840498 -0.3209169054441261 0.9007702960840498 0.9016236867239734 41.5 289.5 81.5 329.5 
55 0.5640000000000001 -0.3312702960840498 -0.3209169054441261 0.8912702960840497 0.9016236867239734 82.5 289.5 122.5 329.5 
56 0.5640000000000001 -0.3287702960840498 -0.3209169054441261 0.8937702960840498 0.9016236867239734 123.5 289.5 163.5 329.5 
57 0.5640000000000001 -0.3347702960840498 -0.3209169054441261 0.8877702960840498 0.9016236867239734 164.5 289.5 204.5 329.5 
58 0.246 -0.4882702960840497 -0.3209169054441261 0.7342702960840497 0.9016236867239734 205.5 289.5 245.5 329.5 
59 0.246 -0.49777029608404977 -0.3209169054441261 0.7247702960840497 0.9016236867239734 246.5 289.5 286.5 329.5 
60 0.5640000000000001 -0.3297702960840498 -0.3209169054441261 0.8927702960840498 0.9016236867239734 287.5 289.5 327.5 329.5 
61 0.5640000000000001 -0.3292702960840498 -0.3209169054441261 0.8932702960840497 0.9016236867239734 328.5 289.5 368.5 329.5 
62 0.5640000000000001 -0.3297702960840498 -0.3209169054441261 0.8927702960840498 0.9016236867239734 369.5 289.5 409.5 329.5 
63 0.389 -0.42077029608404976 -0.3209169054441261 0.8017702960840497 0.9016236867239734 0.5 248.5 40.5 288.5 
64 0.9440000000000001 -0.13977029608404976 -0.3209169054441261 1.0827702960840497 0.9016236867239734 41.5 248.5 81.5 288.5 
65 0.65 -0.2862702960840498 -0.3209169054441261 0.9362702960840498 0.9016236867239734 82.5 248.5 122.5 288.5 
66 0.635 -0.2762702960840498 -0.3209169054441261 0.9462702960840498 0.9016236867239734 123.5 248.5 163.5 288.5 
67 0.613 -0.2877702960840498 -0.3209169054441261 0.9347702960840497 0.9016236867239734 164.5 248.5 204.5 288.5 
68 0.706 -0.24427029608404977 -0.3209169054441261 0.9782702960840498 0.9016236867239734 205.5 248.5 245.5 288.5 
69 0.561 -0.3057702960840498 -0.3209169054441261 0.9167702960840497 0.9016236867239734 246.5 248.5 286.5 288.5 
70 0.526 -0.3207702960840498 -0.3209169054441261 0.9017702960840498 0.9016236867239734 287.5 248.5 327.5 288.5 
71 0.663 -0.2832702960840498 -0.3209169054441261 0.9392702960840498 0.9016236867239734 328.5 248.5 368.5 288.5 
72 0.6970000000000001 -0.2627702960840498 -0.3209169054441261 0.9597702960840497 0.9016236867239734 369.5 248.5 409.5 288.5 
73 0.256 -0.48327029608404976 -0.3209169054441261 0.7392702960840497 0.9016236867239734 0.5 207.5 40.5 247.5 
74 0.492 -0.4037702960840498 -0.3209169054441261 0.8187702960840497 0.9016236867239734 41.5 207.5 81.5 247.5 
75 0.609 -0.2672702960840498 -0.3209169054441261 0.9552702960840498 0.9016236867239734 82.5 207.5 122.5 247.5 
76 0.509 -0.3212702960840497 -0.3209169054441261 0.9012702960840497 0.9016236867239734 123.5 207.5 163.5 247.5 
77 0.869 -0.17677029608404976 -0.3209169054441261 1.0457702960840498 0.9016236867239734 164.5 207.5 204.5 247.5 
78 0.714 -0.2542702960840498 -0.3209169054441261 0.9682702960840498 0.9016236867239734 205.5 207.5 245.5 247.5 
79 0.776 -0.22327029608404977 -0.3209169054441261 0.9992702960840497 0.9016236867239734 246.5 207.5 286.5 247.5 
80 0.598 -0.2857702960840498 -0.3209169054441261 0.9367702960840497 0.9016236867239734 287.5 207.5 327.5 247.5 
81 0.776 -0.22327029608404977 -0.3209169054441261 0.9992702960840497 0.9016236867239734 328.5 207.5 368.5 247.5 
82 0.624 -0.2667702960840498 -0.3209169054441261 0.9557702960840497 0.9016236867239734 369.5 207.5 409.5 247.5 
83 0.524 -0.3502702960840498 -0.3209169054441261 0.8722702960840497 0.9016236867239734 0.5 166.5 40.5 206.5 
84 0.556 -0.3337702960840498 -0.3209169054441261 0.8887702960840498 0.9016236867239734 41.5 166.5 81.5 206.5 
85 0.683 -0.26977029608404973 -0.3209169054441261 0.9527702960840497 0.9016236867239734 82.5 166.5 122.5 206.5 
86 0.635 -0.29377029608404975 -0.3209169054441261 0.9287702960840497 0.9016236867239734 123.5 166.5 163.5 206.5 
87 0.924 -0.14927029608404976 -0.3209169054441261 1.0732702960840497 0.9016236867239734 164.5 166.5 204.5 206.5 
88 0.616 -0.3047702960840498 -0.3209169054441261 0.9177702960840497 0.9016236867239734 205.5 166.5 245.5 206.5 
89 0.579 -0.3217702960840498 -0.3209169054441261 0.9007702960840498 0.9016236867239734 246.5 166.5 286.5 206.5 
90 0.5660000000000001 -0.3287702960840498 -0.3209169054441261 0.8937702960840498 0.9016236867239734 287.5 166.5 327.5 206.5 
91 0.317 -0.4072702960840498 -0.3209169054441261 0.8152702960840498 0.9016236867239734 328.5 166.5 368.5 206.5 
92 0.368 -0.4272702960840498 -0.3209169054441261 0.7952702960840498 0.9016236867239734 369.5 166.5 409.5 206.5 
93 0.317 -0.49827029608404977 -0.3209169054441261 0.7242702960840498 0.9016236867239734 0.5 125.5 40.5 165.5 
94 0.5640000000000001 -0.3292702960840498 -0.3209169054441261 0.8932702960840497 0.9016236867239734 41.5 125.5 81.5 165.5 
95 0.491 -0.36527029608404976 -0.3209169054441261 0.8572702960840497 0.9016236867239734 82.5 125.5 122.5 165.5 
96 0.366 -0.4522702960840497 -0.3209169054441261 0.7702702960840497 0.9016236867239734 123.5 125.5 163.5 165.5 
97 0.514 -0.3697702960840498 -0.3209169054441261 0.8527702960840498 0.9016236867239734 164.5 125.5 204.5 165.5 
98 0.585 -0.3032702960840498 -0.3209169054441261 0.9192702960840498 0.9016236867239734 205.5 125.5 245.5 165.5 
99 0.465 -0.3637702960840498 -0.3209169054441261 0.8587702960840498 0.9016236867239734 246.5 125.5 286.5 165.5 
100 0.585 -0.3337702960840498 -0.3209169054441261 0.8887702960840498 0.9016236867239734 287.5 125.5 327.5 165.5 
101 0.552 -0.3367702960840498 -0.3209169054441261 0.8857702960840498 0.9016236867239734 328.5 125.5 368.5 165.5 
102 0.381 -0.3767702960840497 -0.3209169054441261 0.8457702960840497 0.9016236867239734 369.5 125.5 409.5 165.5 
103 0.5750000000000001 -0.3387702960840498 -0.3209169054441261 0.8837702960840498 0.9016236867239734 0.5 84.5 40.5 124.5 
104 0.5710000000000001 -0.3227702960840498 -0.3209169054441261 0.8997702960840498 0.9016236867239734 41.5 84.5 81.5 124.5 
105 0.243 -0.48927029608404976 -0.3209169054441261 0.7332702960840497 0.9016236867239734 82.5 84.5 122.5 124.5 
106 0.243 -0.5557702960840497 -0.3209169054441261 0.6667702960840497 0.9016236867239734 123.5 84.5 163.5 124.5 
107 0.505 -0.3257702960840498 -0.3209169054441261 0.8967702960840498 0.9016236867239734 164.5 84.5 204.5 124.5 
108 0.262 -0.4522702960840497 -0.3209169054441261 0.7702702960840497 0.9016236867239734 205.5 84.5 245.5 124.5 
109 0.863 -0.17677029608404976 -0.3209169054441261 1.0457702960840498 0.9016236867239734 246.5 84.5 286.5 124.5 
110 0.5710000000000001 -0.3227702960840498 -0.3209169054441261 0.8997702960840498 0.9016236867239734 287.5 84.5 327.5 124.5 
111 0.585 -0.3187702960840498 -0.3209169054441261 0.9037702960840498 0.9016236867239734 328.5 84.5 368.5 124.5 
112 0.585 -0.3032702960840498 -0.3209169054441261 0.9192702960840498 0.9016236867239734 369.5 84.5 409.5 124.5 
113 0.585 -0.3337702960840498 -0.3209169054441261 0.8887702960840498 0.9016236867239734 0.5 43.5 40.5 83.5 
114 0.379 -0.3852702960840497 -0.3209169054441261 0.8372702960840498 0.9016236867239734 41.5 43.5 81.5 83.5 
115 0.434 -0.3942702960840498 -0.3209169054441261 0.8282702960840498 0.9016236867239734 82.5 43.5 122.5 83.5 
116 0.393 -0.3817702960840497 -0.3209169054441261 0.8407702960840497 0.9016236867239734 123.5 43.5 163.5 83.5 
117 0.5710000000000001 -0.3287702960840498 -0.3209169054441261 0.8937702960840498 0.9016236867239734 164.5 43.5 204.5 83.5 
118 0.488 -0.3672702960840498 -0.3209169054441261 0.8552702960840497 0.9016236867239734 205.5 43.5 245.5 83.5 
119 0.776 -0.22277029608404977 -0.3209169054441261 0.9997702960840498 0.9016236867239734 246.5 43.5 286.5 83.5 
120 0.505 -0.3587702960840498 -0.3209169054441261 0.8637702960840498 0.9016236867239734 287.5 43.5 327.5 83.5 
121 0.482 -0.3802702960840497 -0.3209169054441261 0.8422702960840498 0.9016236867239734 328.5 43.5 368.5 83.5 
122 0.46 -0.3812702960840498 -0.3209169054441261 0.8412702960840498 0.9016236867239734 369.5 43.5 409.5 83.5 
123 0.325 -0.43177029608404977 -0.3209169054441261 0.7907702960840497 0.9016236867239734 0.5 2.5 40.5 42.5 
124 0.269 -0.47677029608404975 -0.3209169054441261 0.7457702960840498 0.9016236867239734 41.5 2.5 81.5 42.5 
125 0.325 -0.46577029608404974 -0.3209169054441261 0.7567702960840498 0.9016236867239734 82.5 2.5 122.5 42.5 
126 0.5640000000000001 -0.3287702960840498 -0.3209169054441261 0.8937702960840498 0.9016236867239734 123.5 2.5 163.5 42.5 
